356
445
542
635
728
825
918
1011
1104
1201
1294
1387
1480
1573
1666
1759
1852
1945
3566
5163
6672
6765
6858
6951
7044
7137
7230
7323
7416
7509
7602
7695
7788
7881
7974
8067
8160
8253
8346
8439
8532
8625
8718
8811
8904
8997
9090
9183
9276
9369
9462
9555
9648
9741
9834
9927
10020
10113
10206
10299
10392
10485
10578
10671
10764
10857
10950
11043
11140
11233
11326
11419
11512
11605
11698
11791
11884
11977
12070
12163
12256
12349
12442
12535
12628
12721
12814
12907
13000
13093
13186
13279
13372
13465
13558
13651
13744
13837
13930
14023
14116
14209
14302
14395
14488
14581
14674
14767
14860
14953
15046
15139
15232
15325
15418
15511
15604
15697
15790
15883
15976
16069
16162
16255
16348
16441
16534
16627
16720
16809
16902
16995
17088
17181
17274
17367
17460
17553
17646
17739
17824
17917
18010
18103
18196
18289
18382
18475
18568
18661
18754
18847
18940
19033
19126
19219
19312
19405
19498
19591
19684
19777
19870
19963
20056
20149
20242
20335
20428
20521
20614
20707
20800
20893
20986
21079
21172
21265
21358
21451
21544
21637
21730
21823
21916
22009
22102
22195
22288
22381
22474
22567
22660
22753
22842
22935
23028
23121
23214
23307
23400
23493
23586
23679
23772
23857
23942
24035
24128
24217
24306
24399
24492
24585
24678
24775
24868
24961
25054
25147
25240
25333
25426
25519
25612
25705
25798
25891
25984
26077
26170
26263
26356
26449
26542
26635
26728
26821
26914
27007
27100
27193
27286
27379
27472
27565
27658
27751
27844
27937
28030
28123
28216
28309
28402
28495
28588
28681
28774
28867
28960
29053
29146
29239
29332
29425
29518
29611
29704
29797
29890
29983
30076
30169
30262
30355
30448
30541
30634
30727
30820
30913
31006
31099
31192
31285
31378
31467
31560
31649
31738
31827
31916
32005
32094
32187
32280
32373
32466
32559
32652
32685
32718
32811
32904
32937
32970
33003
33036
33069
33102
33135
33168
33201
33234
33267
33300
33333
33366
33399
33432
33521
33601
33671
33751
33852
33953
34127
34195
34269
34343
34417
34584
34624
34655
34688
34721
34754
34787
34820
34853
34945
35037
35121
35205
35303
35397
35467
35557
35653
35730
35846
35942
36021
36094
36197
36278
36357
36454
36523
36606
36678
36747
36819
36886
36977
37058
37170
37283
37354
37433
37510
37585
37662
37739
37826
37899
37976
38047
38132
38201
38282
38355
38428
38503
38575
38656
38736
38817
38897
38984
39061
39160
39229
39306
39379
39452
39529
39606
39675
39758
39823
39888
39944
40021
40092
40166
40222
40296
40352
40409
40498
40569
40688
40744
40806
40865
40956
41033
41095
41160
41237
41293
41406
41474
41573
41654
41738
41840
41922
42012
42103
42160
42253
42316
42401
42464
42705
42946
43187
43428
43669
43910
44151
44392
44633
44874
45115
45356
45597
45838
46079
46320
46561
46802
47043
47284
47525
47766
48007
48248
48489
48730
48971
49212
49453
49694
49935
50176
50417
50658
50899
51140
51381
51622
51863
52104
52345
52586
52827
53068
53309
53550
53791
54032
54273
54514
54755
54996
55237
55478
55719
55960
56201
56442
56683
56924
57165
57406
57647
57888
58129
58370
58611
58852
59093
59334
59575
59816
60057
60298
60539
60780
61021
61262
61503
61744
61985
62226
62467
62708
62949
63190
63431
63672
63913
64154
64395
64636
64877
65118
65359
65600
65841
66082
66323
66564
66805
67046
67287
67528
67769
68010
68251
68492
68733
68974
69215
69456
69697
69938
70179
70420
70661
70902
71143
71384
71625
71866
72107
72348
72589
72830
73071
73312
73553
73794
74035
74276
74517
74758
74999
75240
75481
75722
75963
76204
76445
76686
76927
77168
77409
77650
77891
78132
78373
78614
78855
79096
79337
79578
79819
80060
80301
80542
80783
81024
81265
81506
81747
81988
82229
82470
82711
82952
83193
83434
83675
83916
84157
84398
84639
84880
85121
85362
85603
85844
86085
86326
86567
86808
87049
87290
87531
87772
88013
88254
88495
88736
88977
89218
89459
89700
89941
90182
90423
90664
90905
91146
91387
91628
91869
92110
92351
92592
92833
93074
93315
93556
93797
94038
94279
94520
94761
95002
95243
95484
95725
95966
96207
96448
96689
96930
97171
97412
97653
97894
98135
98376
98617
98858
99099
99340
99581
99822
100063
100304
100545
100786
101027
101268
101509
101750
101991
102232
102473
102714
102955
103196
103437
103678
103919
104160
104401
104642
104883
105124
105365
105606
105847
106088
106329
106570
106811
107052
107293
107534
107775
108016
108257
108498
108739
108980
109221
109462
109703
109944
110185
110426
110667
110908
111149
111390
111631
111872
112113
112354
112595
112836
113077
113318
113559
113800
114041
114282
114523
114764
115005
115246
115487
115728
115969
116210
116451
116692
116933
117174
117415
117656
117897
118138
118379
118620
118861
119102
119343
119584
119825
120066
120307
120548
120789
121030
121271
121512
121753
121994
122235
122476
122717
122958
123199
123440
123681
123922
124163
124404
124645
124886
125127
125368
125609
125850
126091
126332
126573
126814
127055
127296
127537
127778
128019
128260
128501
128742
128983
129224
129465
129706
129947
130188
130429
130670
130911
131152
131393
131634
131875
132116
132357
132598
132839
133080
133321
133562
133803
134044
134285
134526
134767
135008
135249
135490
135731
135972
136213
136454
136695
136936
137177
137418
137659
137900
138141
138382
138623
138864
139105
139346
139587
139828
140069
140310
140551
140792
141033
141274
141515
141756
141997
142238
142479
142720
142961
143202
143443
143684
143925
144166
144407
144648
144889
145130
145371
145612
145853
146094
146335
146576
146817
147058
147299
147540
147781
148022
148263
148504
148745
148986
149227
149468
149709
149950
150191
150432
150673
150914
151155
151396
151637
151878
152119
152360
152601
152842
153083
153324
153565
153806
154047
154288
154529
154770
155011
155252
155493
155734
155975
156216
156457
156698
156939
157180
157421
157662
157903
158144
158385
158626
158867
159108
159349
159590
159831
160072
160313
160554
160795
161036
161277
161518
161759
162000
162241
162482
162723
162964
163205
163446
163687
163928
164169
164410
164651
164892
165133
165374
165615
165856
166097
166338
166579
166820
167061
167302
167543
167784
168025
168266
168507
168748
168989
169230
169471
169712
169953
170194
170435
170676
170917
171158
171399
171640
171881
172122
172363
172604
172845
173086
173327
173568
173809
174050
174291
174532
174773
175014
175255
175496
175737
175978
176219
176460
176701
176942
177183
177424
177665
177906
178147
178388
178629
178870
179111
179352
179593
179834
180075
180316
180557
180798
181039
181280
181521
181762
182003
182244
182485
182726
182967
183208
183449
183690
183931
184172
184413
184654
184895
185136
185377
185618
185859
186100
186341
186582
186823
187064
187305
187546
187787
188028
188269
188510
188751
188992
189233
189474
189715
189956
190197
190438
190679
190920
191161
191402
191643
191884
192125
192366
192607
192848
193089
193330
193571
193812
194053
194294
194535
194776
195017
195258
195499
195740
195981
196222
196463
196704
196945
197186
197427
197668
197909
198150
198391
198632
198873
199114
199355
199596
199837
200078
200319
200560
200801
201042
201283
201524
201765
202006
202247
202488
202729
202970
203211
203452
203693
203934
204175
204416
204657
204898
205139
205380
205621
205862
206103
206344
206585
206826
207067
207308
207549
207790
208031
208272
208513
208754
208995
209236
209477
209718
209959
210200
210441
210682
210923
211164
211405
211646
211887
212128
212369
212610
212851
213092
213333
213574
213815
214056
214297
214538
214779
215020
215261
215502
215743
215984
216225
216466
216707
216948
217189
217430
217671
217912
218153
218394
218635
218876
219117
219358
219599
219840
220081
220322
220563
220804
221045
221286
221527
221768
222009
222250
222491
222732
222973
223214
223455
223696
223937
224178
224419
224660
224901
225142
225383
225624
225865
226106
226347
226588
226829
227070
227311
227552
227793
228034
228275
228516
228757
228998
229239
229480
229721
229962
230203
230444
230685
230926
231167
231408
231649
231890
232131
232372
232613
232854
233095
233336
233577
233818
234059
234300
234541
234782
235023
235264
235505
235746
235987
236228
236469
236710
236951
237192
237433
237674
237915
238156
238397
238638
238879
239120
239361
239602
239843
240084
240325
240566
240807
241048
241289
241530
241771
242012
242253
242494
242735
242976
243217
243458
243699
243940
244181
244422
244663
244904
245145
245386
245627
245868
246109
246350
246591
246832
247073
247314
247555
247796
248037
248278
248519
248760
249001
249242
249483
249724
249965
250206
250447
250688
250929
251170
251411
251652
251893
252134
252375
252616
252857
253098
253339
253580
253821
254062
254303
254544
254785
255026
255267
255508
255749
255990
256231
256472
256713
256954
257195
257436
257677
257918
258159
258400
258641
258882
259123
259364
259605
259846
260087
260328
260569
260810
261051
261292
261533
261774
262015
262256
262497
262738
262979
263220
263461
263702
263943
264184
264425
264666
264907
265148
265389
265630
265871
266112
266353
266594
266835
267076
267317
267558
267799
268040
268281
268522
268763
269004
269245
269486
269727
269968
270209
270450
270691
270932
271173
271414
271655
271896
272137
272378
272619
272860
273101
273342
273583
273824
274065
274306
274547
274788
275029
275270
275511
275752
275993
276234
276475
276716
276957
277198
277439
277680
277921
278162
278403
278644
278885
279126
279367
279608
279849
280090
280331
280572
280813
281054
281295
281536
281777
282018
282259
282500
282741
282982
283223
283464
283705
283946
284187
284428
284669
284910
285151
285392
285633
285874
286115
286356
286597
286838
287079
287320
287561
287802
288043
288284
288525
288766
289007
289248
289489
289730
289971
290212
290453
290694
290935
291176
291417
291658
291899
292140
292381
292622
292863
293104
293345
293586
293827
294068
294309
294550
294791
295032
295273
295514
295755
295996
296237
296478
296719
296960
297201
297442
297683
297924
298165
298406
298647
298888
299129
299370
299611
299852
300093
300334
300575
300816
301057
301298
301539
301780
302021
302262
302503
302744
302985
303226
303467
303708
303949
304190
304431
304672
304913
305154
305395
305636
305877
306118
306359
306600
306841
307082
307323
307564
307805
308046
308287
308528
308769
309010
309251
309492
309733
309974
310215
310456
310697
310938
311179
311420
311661
311902
312143
312384
312625
312866
313107
313348
313589
313830
314071
314312
314553
314794
315035
315276
315517
315758
315999
316240
316481
316722
316963
317204
317445
317686
317927
318168
318409
318650
318891
319132
319373
319614
319855
320096
320337
320578
320819
321060
321301
321542
321783
322024
322265
322506
322747
322988
323229
323470
323711
323952
324193
324434
324675
324916
325157
325398
325639
325880
326121
326362
326603
326844
327085
327326
327567
327808
328049
328290
328531
328772
329013
329254
329495
329736
329977
330218
330459
330700
330941
331182
331423
331664
331905
332146
332387
332628
332869
333110
333351
333592
333833
334074
334315
334556
334797
335038
335279
335520
335761
336002
336243
336484
336725
336966
337207
337448
337689
337930
338171
338412
338653
338894
339135
339376
339617
339858
340099
340340
340581
340822
341063
341304
341545
341786
342027
342268
342509
342750
342991
343232
343473
343714
343955
344196
344437
344678
344919
345160
345401
345642
345883
346124
346365
346606
346847
347088
347329
347570
347811
348052
348293
348534
348775
349016
349257
349498
349739
349980
350221
350462
350703
350944
351185
351426
351667
351908
352149
352390
352631
352872
353113
353354
353595
353836
354077
354318
354559
354800
355041
355282
355523
355764
356005
356246
356487
356728
356969
357210
357451
357692
357933
358174
358415
358656
358897
359138
359379
359620
359861
360102
360343
360584
360825
361066
361307
361548
361789
362030
362271
362512
362753
362994
363235
363476
363717
363958
364199
364440
364681
364922
365163
365404
365645
365886
366127
366368
366609
366850
367091
367332
367573
367814
368055
368296
368537
368778
369019
369260
369501
369742
369983
370224
370465
370706
370947
371188
371429
371670
371911
372152
372393
372634
372875
373116
373357
373598
373839
374080
374321
374562
374803
375044
375285
375526
375767
376008
376249
376490
376731
376972
377213
377454
377695
377936
378177
378418
378659
378900
379141
379382
379623
379864
380105
380346
380587
380828
381069
381310
381551
381792
382033
382274
382515
382756
382997
383238
383479
383720
383961
384202
384443
384684
384925
385166
385407
385648
385889
386130
386371
386612
386853
387094
387335
387576
387817
388058
388299
388540
388781
389022
389263
389504
389745
389986
390227
390468
390709
390950
391191
391432
391673
391914
392155
392396
392637
392878
393119
393360
393601
393842
394083
394324
394565
394806
395047
395288
395529
395770
396011
396252
396493
396734
396975
397216
397457
397698
397939
398180
398421
398662
398903
399144
399385
399626
399867
400108
400349
400590
400831
401072
401313
401554
401795
402036
402277
402518
402759
403000
403241
403482
403723
403964
404205
404446
404687
404928
405169
405410
405651
405892
406133
406374
406615
406856
407097
407338
407579
407820
408061
408302
408543
408784
409025
409266
409507
409748
409989
410230
410471
410712
410953
411194
411435
411676
411917
412158
412399
412640
412881
413122
413363
413604
413845
414086
414327
414568
414809
415050
415291
415532
415773
416014
416255
416496
416737
416978
417219
417460
417701
417942
418183
418424
418665
418906
419147
419388
419629
419870
420111
420352
420593
420834
421075
421316
421557
421798
422039
422280
422521
422762
423003
423244
423485
423726
423967
424208
424449
424690
424931
425172
425413
425654
425895
426136
426377
426618
426859
427100
427341
427582
427823
428064
428305
428546
428787
429028
429269
429510
429751
429992
430233
430474
430715
430956
431197
431438
431679
431920
432161
432402
432643
432884
433125
433366
433607
433848
434089
434330
434571
434812
435053
435294
435535
435776
436017
436258
436499
436740
436981
437222
437463
437704
437945
438186
438427
438668
438909
439150
439391
439632
439873
440114
440355
440596
440837
441078
441319
441560
441801
442042
442283
442524
442765
443006
443247
443488
443729
443970
444211
444452
444693
444934
445175
445416
445657
445898
446139
446380
446621
446862
447103
447344
447585
447826
448067
448308
448549
448790
449031
449272
449513
449754
449995
450236
450477
450718
450959
451200
451441
451682
451923
452164
452405
452646
452887
453128
453369
453610
453851
454092
454333
454574
454815
455056
455297
455538
455779
456020
456261
456502
456743
456984
457225
457466
457707
457948
458189
458430
458671
458912
459153
459394
459635
459876
460117
460358
460599
460840
461081
461322
461563
461804
462045
462286
462527
462768
463009
463250
463491
463732
463973
464214
464455
464696
464937
465178
465419
465660
465901
466142
466383
466624
466865
467106
467347
467588
467829
468070
468311
468552
468793
469034
469275
469516
469757
469998
470239
470480
470721
470962
471203
471444
471685
471926
472167
472408
472649
472890
473131
473372
473613
473854
474095
474336
474577
474818
475059
475300
475541
475782
476023
476264
476505
476746
476987
477228
477469
477710
477951
478192
478433
478674
478915
479156
479397
479638
479879
480120
480361
480602
480843
481084
481325
481566
481807
482048
482289
482530
482771
483012
483253
483494
483735
483976
484217
484458
484699
484940
485181
485422
485663
485904
486145
486386
486627
486868
487109
487350
487591
487832
488073
488314
488555
488796
489037
489278
489519
489760
490001
490242
490483
490724
490965
491206
491447
491688
491929
492170
492411
492652
492893
493134
493375
493616
493857
494098
494339
494580
494821
495062
495303
495544
495785
496026
496267
496508
496749
496990
497231
497472
497713
497954
498195
498436
498677
498918
499159
499400
499641
499882
500123
500364
500605
500846
501087
501328
501569
501810
502051
502292
502533
502774
503015
503256
503497
503738
503979
504220
504461
504702
504943
505184
505425
505666
505907
506148
506389
506630
506871
507112
507353
507594
507835
508076
508317
508558
508799
509040
509281
509522
509763
510004
510245
510486
510727
510968
511209
511450
511691
511932
512173
512414
512655
512896
513137
513378
513619
513860
514101
514342
514583
514824
515065
515306
515547
515788
516029
516270
516511
516752
516993
517234
517475
517716
517957
518198
518439
518680
518921
519162
519403
519644
519885
520126
520367
520608
520849
521090
521331
521572
521813
522054
522295
522536
522777
523018
523259
523500
523741
523982
524223
524464
524705
524946
525187
525428
525669
525910
526151
526392
526633
526874
527115
527356
527597
527838
528079
528320
528561
528802
529043
529284
529525
529766
530007
530248
530489
530730
530971
531212
531453
531694
531935
532176
532417
532658
532899
533140
533381
533622
533863
534104
534345
534586
534827
535068
535309
535550
535791
536032
536273
536514
536755
536996
537237
537478
537719
537960
538201
538442
538683
538924
539165
539406
539647
539888
540129
540370
540611
540852
541093
541334
541575
541816
542057
542298
542539
542780
543021
543262
543503
543744
543985
544226
544467
544708
544949
545190
545431
545672
545913
546154
546395
546636
546877
547118
547359
547600
547841
548082
548323
548564
548805
549046
549287
549528
549769
550010
550251
550492
550733
550974
551215
551456
551697
551938
552179
552420
552661
552902
553143
553384
553625
553866
554107
554348
554589
554830
555071
555312
555553
555794
556035
556276
556517
556758
556999
557240
557481
557722
557963
558204
558445
558686
558927
559168
559409
559650
559891
560132
560373
560614
560855
561096
561337
561578
561819
562060
562301
562542
562783
563024
563265
563506
563747
563988
564229
564470
564711
564952
565193
565434
565675
565916
566157
566398
566639
566880
567121
567362
567603
567844
568085
568326
568567
568808
569049
569290
569531
569772
570013
570254
570495
570736
570977
571218
571459
571700
571941
572182
572423
572664
572905
573146
573387
573628
573869
574110
574351
574592
574833
575074
575315
575556
575797
576038
576279
576520
576761
577002
577243
577484
577725
577966
578207
578448
578689
578930
579171
579412
579653
579894
580135
580376
580617
580858
581099
581340
581581
581822
582063
582304
582545
582786
583027
583268
583509
583750
583991
584232
584473
584714
584955
585196
585437
585678
585919
586160
586401
586642
586883
587124
587365
587606
587847
588088
588329
588570
588811
589052
589293
589534
589775
590016
590257
590498
590739
590980
591221
591462
591703
591944
592185
592426
592667
592908
593149
593390
593631
593872
594113
594354
594595
594836
595077
595318
595559
595800
596041
596282
596523
596764
597005
597246
597487
597728
597969
598210
598451
598692
598933
599174
599415
599656
599897
600138
600379
600620
600861
601102
601343
601584
601825
602066
602307
602548
602789
603030
603271
603512
603753
603994
604235
604476
604717
604958
605199
605440
605681
605922
606163
606404
606645
606886
607127
607368
607609
607850
608091
608332
608573
608814
609055
609296
609537
609778
610019
610260
610501
610742
610983
611224
611465
611706
611947
612188
612429
612670
612911
613152
613393
613634
613875
614116
614357
614598
614839
615080
615321
615562
615803
616044
616285
616526
616767
617008
617249
617490
617731
617972
618213
618454
618695
618936
619177
619418
619659
619900
620141
620382
620623
620864
621105
621346
621587
621828
622069
622310
622551
622792
623033
623274
623515
623756
623997
624238
624479
624720
624961
625202
625443
625684
625925
626166
626407
626648
626889
627130
627371
627612
627853
628094
628335
628576
628817
629058
629299
629540
629781
630022
630263
630504
630745
630986
631227
631468
631709
631950
632191
632432
632673
632914
633155
633396
633637
633878
634119
634360
634601
634842
635083
635324
635565
635806
636047
636288
636529
636770
637011
637252
637493
637734
637975
638216
638457
638698
638939
639180
639421
639662
639903
640144
640385
640626
640867
641108
641349
641590
641831
642072
642313
642554
642795
643036
643277
643518
643759
644000
644241
644482
644723
644964
645205
645446
645687
645928
646169
646410
646651
646892
647133
647374
647615
647856
648097
648338
648579
648820
649061
649302
649543
649784
650025
650266
650507
650748
650989
651230
651471
651712
651953
652194
652435
652676
652917
653158
653399
653640
653881
654122
654363
654604
654845
655086
655327
655568
655809
656050
656291
656532
656773
657014
657255
657496
657737
657978
658219
658460
658701
658942
659183
659424
659665
659906
660147
660388
660629
660870
661111
661352
661593
661834
662075
662316
662557
662798
663039
663280
663521
663762
664003
664244
664485
664726
664967
665208
665449
665690
665931
666172
666413
666654
666895
667136
667377
667618
667859
668100
668341
668582
668823
669064
669305
669546
669787
670028
670269
670510
670751
670992
671233
671474
671715
671956
672197
672438
672679
672920
673161
673402
673643
673884
674125
674366
674607
674848
675089
675330
675571
675812
676053
676294
676535
676776
677017
677258
677499
677740
677981
678222
678463
678704
678945
679186
679427
679668
679909
680150
680391
680632
680873
681114
681355
681596
681837
682078
682319
682560
682801
683042
683283
683524
683765
684006
684247
684488
684729
684970
685211
685452
685693
685934
686175
686416
686657
686898
687139
687380
687621
687862
688103
688344
688585
688826
689067
689308
689549
689790
690031
690272
690513
690754
690995
691236
691477
691718
691959
692200
692441
692682
692923
693164
693405
693646
693887
694128
694369
694610
694851
695092
695333
695574
695815
696056
696297
696538
696779
697020
697261
697502
697743
697984
698225
698466
698707
698948
699189
699430
699671
699912
700153
700394
700635
700876
701117
701358
701599
701840
702081
702322
702563
702804
703045
703286
703527
703768
704009
704250
704491
704732
704973
705214
705455
705696
705937
706178
706419
706660
706901
707142
707383
707624
707865
708106
708347
708588
708829
709070
709311
709552
709793
710034
710275
710516
710757
710998
711239
711480
711721
711962
712203
712444
712685
712926
713167
713408
713649
713890
714131
714372
714613
714854
715095
715336
715577
715818
716059
716300
716541
716782
717023
717264
717505
717746
717987
718228
718469
718710
718951
719192
719433
719674
719915
720156
720397
720638
720879
721120
721361
721602
721843
722084
722325
722566
722807
723048
723289
723530
723771
724012
724253
724494
724735
724976
725217
725458
725699
725940
726181
726422
726663
726904
727145
727386
727627
727868
728109
728350
728591
728832
729073
729314
729555
729796
730037
730278
730519
730760
731001
731242
731483
731724
731965
732206
732447
732688
732929
733170
733411
733652
733893
734134
734375
734616
734857
735098
735339
735580
735821
736062
736303
736544
736785
737026
737267
737508
737749
737990
738231
738472
738713
738954
739195
739436
739677
739918
740159
740400
740641
740882
741123
741364
741605
741846
742087
742328
742569
742810
743051
743292
743533
743774
744015
744256
744497
744738
744979
745220
745461
745702
745943
746184
746425
746666
746907
747148
747389
747630
747871
748112
748353
748594
748835
749076
749317
749558
749799
750040
750281
750522
750763
751004
751245
751486
751727
751968
752209
752450
752691
752932
753173
753414
753655
753896
754137
754378
754619
754860
755101
755342
755583
755824
756065
756306
756547
756788
757029
757270
757511
757752
757993
758234
758475
758716
758957
759198
759439
759680
759921
760162
760403
760644
760885
761126
761367
761608
761849
762090
762331
762572
762813
763054
763295
763536
763777
764018
764259
764500
764741
764982
765223
765464
765705
765946
766187
766428
766669
766910
767151
767392
767633
767874
768115
768356
768597
768838
769079
769320
769561
769802
770043
770284
770525
770766
771007
771248
771489
771730
771971
772212
772453
772694
772935
773176
773417
773658
773899
774140
774381
774622
774863
775104
775345
775586
775827
776068
776309
776550
776791
777032
777273
777514
777755
777996
778237
778478
778719
778960
779201
779442
779683
779924
780165
780406
780647
780888
781129
781370
781611
781852
782093
782334
782575
782816
783057
783298
783539
783780
784021
784262
784503
784744
784985
785226
785467
785708
785949
786190
786431
786672
786913
787154
787395
787636
787877
788118
788359
788600
788841
789082
789323
789564
789805
790046
790287
790528
790769
791010
791251
791492
791733
791974
792215
792456
792697
792938
793179
793420
793661
793902
794143
794384
794625
794866
795107
795348
795589
795830
796071
796312
796553
796794
797035
797276
797517
797758
797999
798240
798481
798722
798963
799204
799445
799686
799927
800168
800409
800650
800891
801132
801373
801614
801855
802096
802337
802578
802819
803060
803301
803542
803783
804024
804265
804506
804747
804988
805229
805470
805711
805952
806193
806434
806675
806916
807157
807398
807639
807880
808121
808362
808603
808844
809085
809326
809567
809808
810049
810290
810531
810772
811013
811254
811495
811736
811977
812218
812459
812700
812941
813182
813423
813664
813905
814146
814387
814628
814869
815110
815351
815592
815833
816074
816315
816556
816797
817038
817279
817520
817761
818002
818243
818484
818725
818966
819207
819448
819689
819930
820171
820412
820653
820894
821135
821376
821617
821858
822099
822340
822581
822822
823063
823304
823545
823786
824027
824268
824509
824750
824991
825232
825473
825714
825955
826196
826437
826678
826919
827160
827401
827642
827883
828124
828365
828606
828847
829088
829329
829570
829811
830052
830293
830534
830775
831016
831257
831498
831739
831980
832221
832462
832703
832944
833185
833426
833667
833908
834149
834390
834631
834872
835113
835354
835595
835836
836077
836318
836559
836800
837041
837282
837523
837764
838005
838246
838487
838728
838969
839210
839451
839692
839933
840174
840415
840656
840897
841138
841379
841620
841861
842102
842343
842584
842825
843066
843307
843548
843789
844030
844271
844512
844753
844994
845235
845476
845717
845958
846199
846440
846681
846922
847163
847404
847645
847886
848127
848368
848609
848850
849091
849332
849573
849814
850055
850296
850537
850778
851019
851260
851501
851742
851983
852224
852465
852706
852947
853188
853429
853670
853911
854152
854393
854634
854875
855116
855357
855598
855839
856080
856321
856562
856803
857044
857285
857526
857767
858008
858249
858490
858731
858972
859213
859454
859695
859936
860177
860418
860659
860900
861141
861382
861623
861864
862105
862346
862587
862828
863069
863310
863551
863792
864033
864274
864515
864756
864997
865238
865479
865720
865961
866202
866443
866684
866925
867166
867407
867648
867889
868130
868371
868612
868853
869094
869335
869576
869817
870058
870299
870540
870781
871022
871263
871504
871745
871986
872227
872468
872709
872950
873191
873432
873673
873914
874155
874396
874637
874878
875119
875360
875601
875842
876083
876324
876565
876806
877047
877288
877529
877770
878011
878252
878493
878734
878975
879216
879457
879698
879939
880180
880421
880662
880903
881144
881385
881626
881867
882108
882349
882590
882831
883072
883313
883554
883795
884036
884277
884518
884759
885000
885241
885482
885723
885964
886205
886446
886687
886928
887169
887410
887651
887892
888133
888374
888615
888856
889097
889338
889579
889820
890061
890302
890543
890784
891025
891266
891507
891748
891989
892230
892471
892712
892953
893194
893435
893676
893917
894158
894399
894640
894881
895122
895363
895604
895845
896086
896327
896568
896809
897050
897291
897532
897773
898014
898255
898496
898737
898978
899219
899460
899701
899942
900183
900424
900665
900906
901147
901388
901629
901870
902111
902352
902593
902834
903075
903316
903557
903798
904039
904280
904521
904762
905003
905244
905485
905726
905967
906208
906449
906690
906931
907172
907413
907654
907895
908136
908377
908618
908859
909100
909341
909582
909823
910064
910305
910546
910787
911028
911269
911510
911751
911992
912233
912474
912715
912956
913197
913438
913679
913920
914161
914402
914643
914884
915125
915366
915607
915848
916089
916330
916571
916812
917053
917294
917535
917776
918017
918258
918499
918740
918981
919222
919463
919704
919945
920186
920427
920668
920909
921150
921391
921632
921873
922114
922355
922596
922837
923078
923319
923560
923801
924042
924283
924524
924765
925006
925247
925488
925729
925970
926211
926452
926693
926934
927175
927416
927657
927898
928139
928380
928621
928862
929103
929344
929585
929826
930067
930308
930549
930790
931031
931272
931513
931754
931995
932236
932477
932718
932959
933200
933441
933682
933923
934164
934405
934646
934887
935128
935369
935610
935851
936092
936333
936574
936815
937056
937297
937538
937779
938020
938261
938502
938743
938984
939225
939466
939707
939948
940189
940430
940671
940912
941153
941394
941635
941876
942117
942358
942599
942840
943081
943322
943563
943804
944045
944286
944527
944768
945009
945250
945491
945732
945973
946214
946455
946696
946937
947178
947419
947660
947901
948142
948383
948624
948865
949106
949347
949588
949829
950070
950311
950552
950793
951034
951275
951516
951757
951998
952239
952480
952721
952962
953203
953444
953685
953926
954167
954408
954649
954890
955131
955372
955613
955854
956095
956336
956577
956818
957059
957300
957541
957782
958023
958264
958505
958746
958987
959228
959469
959710
959951
960192
960433
960674
960915
961156
961397
961638
961879
962120
962361
962602
962843
963084
963325
963566
963807
964048
964289
964530
964771
965012
965253
965494
965735
965976
966217
966458
966699
966940
967181
967422
967663
967904
968145
968386
968627
968868
969109
969350
969591
969832
970073
970314
970555
970796
971037
971278
971519
971760
972001
972242
972483
972724
972965
973206
973447
973688
973929
974170
974411
974652
974893
975134
975375
975616
975857
976098
976339
976580
976821
977062
977303
977544
977785
978026
978267
978508
978749
978990
979231
979472
979713
979954
980195
980436
980677
980918
981159
981400
981641
981882
982123
982364
982605
982846
983087
983328
983569
983810
984051
984292
984533
984774
985015
985256
985497
985738
985979
986220
986461
986702
986943
987184
987425
987666
987907
988148
988389
988630
988871
989112
989353
989594
989835
990076
990317
990558
990799
991040
991281
991522
991763
992004
992245
992486
992727
992968
993209
993450
993691
993932
994173
994414
994655
994896
995137
995378
995619
995860
996101
996342
996583
996824
997065
997306
997547
997788
998029
998270
998511
998752
998993
999234
999475
999716
999957
1000198
1000439
1000680
1000921
1001162
1001403
1001644
1001885
1002126
1002367
1002608
1002849
1003090
1003331
1003572
1003813
1004054
1004295
1004536
1004777
1005018
1005259
1005500
1005741
1005982
1006223
1006464
1006705
1006946
1007187
1007428
1007669
1007910
1008151
1008392
1008633
1008874
1009115
1009356
1009597
1009838
1010079
1010320
1010561
1010802
1011043
1011284
1011525
1011766
1012007
1012248
1012489
1012730
1012971
1013212
1013453
1013694
1013935
1014176
1014417
1014658
1014899
1015140
1015381
1015622
1015863
1016104
1016345
1016586
1016827
1017068
1017309
1017550
1017791
1018032
1018273
1018514
1018755
1018996
1019237
1019478
1019719
1019960
1020201
1020442
1020683
1020924
1021165
1021406
1021647
1021888
1022129
1022370
1022611
1022852
1023093
1023334
1023575
1023816
1024057
1024298
1024539
1024780
1025021
1025262
1025503
1025744
1025985
1026226
1026467
1026708
1026949
1027190
1027431
1027672
1027913
1028154
1028395
1028636
1028877
1029118
1029359
1029600
1029841
1030082
1030323
1030564
1030805
1031046
1031287
1031528
1031769
1032010
1032251
1032492
1032733
1032974
1033215
1033456
1033697
1033938
1034179
1034420
1034661
1034902
1035143
1035384
1035625
1035866
1036107
1036348
1036589
1036830
1037071
1037312
1037553
1037794
1038035
1038276
1038517
1038758
1038999
1039240
1039481
1039722
1039963
1040204
1040445
1040686
1040927
1041168
1041409
1041650
1041891
1042132
1042373
1042614
1042855
1043096
1043337
1043578
1043819
1044060
1044301
1044542
1044783
1045024
1045265
1045506
1045747
1045988
1046229
1046470
1046711
1046952
1047193
1047434
1047675
1047916
1048157
1048398
1048639
1048880
1049121
1049362
1049603
1049844
1050085
1050326
1050567
1050808
1051049
1051290
1051531
1051772
1052013
1052254
1052495
1052736
1052977
1053218
1053459
1053700
1053941
1054182
1054423
1054664
1054905
1055146
1055387
1055628
1055869
1056110
1056351
1056592
1056833
1057074
1057315
1057556
1057797
1058038
1058279
1058520
1058761
1059002
1059243
1059484
1059725
1059966
1060207
1060448
1060689
1060930
1061171
1061412
1061653
1061894
1062135
1062376
1062617
1062858
1063099
1063340
1063581
1063822
1064063
1064304
1064545
1064786
1065027
1065268
1065509
1065750
1065991
1066232
1066473
1066714
1066955
1067196
1067437
1067678
1067919
1068160
1068401
1068642
1068883
1069124
1069365
1069606
1069847
1070088
1070329
1070570
1070811
1071052
1071293
1071534
1071775
1072016
1072257
1072498
1072739
1072980
1073221
1073462
1073703
1073944
1074185
1074426
1074667
1074908
1075149
1075390
1075631
1075872
1076113
1076354
1076595
1076836
1077077
1077318
1077559
1077800
1078041
1078282
1078523
1078764
1079005
1079246
1079487
1079728
1079969
1080210
1080451
1080692
1080933
1081174
1081415
1081656
1081897
1082138
1082379
1082620
1082861
1083102
1083343
1083584
1083825
1084066
1084307
1084548
1084789
1085030
1085271
1085512
1085753
1085994
1086235
1086476
1086717
1086958
1087199
1087440
1087681
1087922
1088163
1088404
1088645
1088886
1089127
1089368
1089609
1089850
1090091
1090332
1090573
1090814
1091055
1091296
1091537
1091778
1092019
1092260
1092501
1092742
1092983
1093224
1093465
1093706
1093947
1094188
1094429
1094670
1094911
1095152
1095393
1095634
1095875
1096116
1096357
1096598
1096839
1097080
1097321
1097562
1097803
1098044
1098285
1098526
1098767
1099008
1099249
1099490
1099731
1099972
1100213
1100454
1100695
1100936
1101177
1101418
1101659
1101900
1102141
1102382
1102623
1102864
1103105
1103346
1103587
1103828
1104069
1104310
1104551
1104792
1105033
1105274
1105515
1105756
1105997
1106238
1106479
1106720
1106961
1107202
1107443
1107684
1107925
1108166
1108407
1108648
1108889
1109130
1109371
1109612
1109853
1110094
1110335
1110576
1110817
1111058
1111299
1111540
1111781
1112022
1112263
1112504
1112745
1112986
1113227
1113468
1113709
1113950
1114191
1114432
1114673
1114914
1115155
1115396
1115637
1115878
1116119
1116360
1116601
1116842
1117083
1117324
1117565
1117806
1118047
1118288
1118529
1118770
1119011
1119252
1119493
1119734
1119975
1120216
1120457
1120698
1120939
1121180
1121421
1121662
1121903
1122144
1122385
1122626
1122867
1123108
1123349
1123590
1123831
1124072
1124313
1124554
1124795
1125036
1125277
1125518
1125759
1126000
1126241
1126482
1126723
1126964
1127205
1127446
1127687
1127928
1128169
1128410
1128651
1128892
1129133
1129374
1129615
1129856
1130097
1130338
1130579
1130820
1131061
1131302
1131543
1131784
1132025
1132266
1132507
1132748
1132989
1133230
1133471
1133712
1133953
1134194
1134435
1134676
1134917
1135158
1135399
1135640
1135881
1136122
1136363
1136604
1136845
1137086
1137327
1137568
1137809
1138050
1138291
1138532
1138773
1139014
1139255
1139496
1139737
1139978
1140219
1140460
1140701
1140942
1141183
1141424
1141665
1141906
1142147
1142388
1142629
1142870
1143111
1143352
1143593
1143834
1144075
1144316
1144557
1144798
1145039
1145280
1145521
1145762
1146003
1146244
1146485
1146726
1146967
1147208
1147449
1147690
1147931
1148172
1148413
1148654
1148895
1149136
1149377
1149618
1149859
1150100
1150341
1150582
1150823
1151064
1151305
1151546
1151787
1152028
1152269
1152510
1152751
1152992
1153233
1153474
1153715
1153956
1154197
1154438
1154679
1154920
1155161
1155402
1155643
1155884
1156125
1156366
1156607
1156848
1157089
1157330
1157571
1157812
1158053
1158294
1158535
1158776
1159017
1159258
1159499
1159740
1159981
1160222
1160463
1160704
1160945
1161186
1161427
1161668
1161909
1162150
1162391
1162632
1162873
1163114
1163355
1163596
1163837
1164078
1164319
1164560
1164801
1165042
1165283
1165524
1165765
1166006
1166247
1166488
1166729
1166970
1167211
1167452
1167693
1167934
1168175
1168416
1168657
1168898
1169139
1169380
1169621
1169862
1170103
1170344
1170585
1170826
1171067
1171308
1171549
1171790
1172031
1172272
1172513
1172754
1172995
1173236
1173477
1173718
1173959
1174200
1174441
1174682
1174923
1175164
1175405
1175646
1175887
1176128
1176369
1176610
1176851
1177092
1177333
1177574
1177815
1178056
1178297
1178538
1178779
1179020
1179261
1179502
1179743
1179984
1180225
1180466
1180707
1180948
1181189
1181430
1181671
1181912
1182153
1182394
1182635
1182876
1183117
1183358
1183599
1183840
1184081
1184322
1184563
1184804
1185045
1185286
1185527
1185768
1186009
1186250
1186491
1186732
1186973
1187214
1187455
1187696
1187937
1188178
1188419
1188660
1188901
1189142
1189383
1189624
1189865
1190106
1190347
1190588
1190829
1191070
1191311
1191552
1191793
1192034
1192275
1192516
1192757
1192998
1193239
1193480
1193721
1193962
1194203
1194444
1194685
1194926
1195167
1195408
1195649
1195890
1196131
1196372
1196613
1196854
1197095
1197336
1197577
1197818
1198059
1198300
1198541
1198782
1199023
1199264
1199505
1199746
1199987
1200228
1200469
1200710
1200951
1201192
1201433
1201674
1201915
1202156
1202397
1202638
1202879
1203120
1203361
1203602
1203843
1204084
1204325
1204566
1204807
1205048
1205289
1205530
1205771
1206012
1206253
1206494
1206735
1206976
1207217
1207458
1207699
1207940
1208181
1208422
1208663
1208904
1209145
1209386
1209627
1209868
1210109
1210350
1210591
1210832
1211073
1211314
1211555
1211796
1212037
1212278
1212519
1212760
1213001
1213242
1213483
1213724
1213965
1214206
1214447
1214688
1214929
1215170
1215411
1215652
1215893
1216134
1216375
1216616
1216857
1217098
1217339
1217580
1217821
1218062
1218303
1218544
1218785
1219026
1219267
1219508
1219749
1219990
1220231
1220472
1220713
1220954
1221195
1221436
1221677
1221918
1222159
1222400
1222641
1222882
1223123
1223364
1223605
1223846
1224087
1224328
1224569
1224810
1225051
1225292
1225533
1225774
1226015
1226256
1226497
1226738
1226979
1227220
1227461
1227702
1227943
1228184
1228425
1228666
1228907
1229148
1229389
1229630
1229871
1230112
1230353
1230594
1230835
1231076
1231317
1231558
1231799
1232040
1232281
1232522
1232763
1233004
1233245
1233486
1233727
1233968
1234209
1234450
1234691
1234932
1235173
1235414
1235655
1235896
1236137
1236378
1236619
1236860
1237101
1237342
1237583
1237824
1238065
1238306
1238547
1238788
1239029
1239270
1239511
1239752
1239993
1240234
1240475
1240716
1240957
1241198
1241439
1241680
1241921
1242162
1242403
1242644
1242885
1243126
1243367
1243608
1243849
1244090
1244331
1244572
1244813
1245054
1245295
1245536
1245777
1246018
1246259
1246500
1246741
1246982
1247223
1247464
1247705
1247946
1248187
1248428
1248669
1248910
1249151
1249392
1249633
1249874
1250115
1250356
1250597
1250838
1251079
1251320
1251561
1251802
1252043
1252284
1252525
1252766
1253007
1253248
1253489
1253730
1253971
1254212
1254453
1254694
1254935
1255176
1255417
1255658
1255899
1256140
1256381
1256622
1256863
1257104
1257345
1257586
1257827
1258068
1258309
1258550
1258791
1259032
1259273
1259514
1259755
1259996
1260237
1260478
1260719
1260960
1261201
1261442
1261683
1261924
1262165
1262406
1262647
1262888
1263129
1263370
1263611
1263852
1264093
1264334
1264575
1264816
1265057
1265298
1265539
1265780
1266021
1266262
1266503
1266744
1266985
1267226
1267467
1267708
1267949
1268190
1268431
1268672
1268913
1269154
1269395
1269636
1269877
1270118
1270359
1270600
1270841
1271082
1271323
1271564
1271805
1272046
1272287
1272528
1272769
1273010
1273251
1273492
1273733
1273974
1274215
1274456
1274697
1274938
1275179
1275420
1275661
1275902
1276143
1276384
1276625
1276866
1277107
1277348
1277589
1277830
1278071
1278312
1278553
1278794
1279035
1279276
1279517
1279758
1279999
1280240
1280481
1280722
1280963
1281204
1281445
1281686
1281927
1282168
1282409
1282650
1282891
1283132
1283373
1283614
1283855
1284096
1284337
1284578
1284819
1285060
1285301
1285542
1285783
1286024
1286265
1286506
1286747
1286988
1287229
1287470
1287711
1287952
1288193
1288434
1288675
1288916
1289157
1289398
1289639
1289880
1290121
1290362
1290603
1290844
1291085
1291326
1291567
1291808
1292049
1292290
1292531
1292772
1293013
1293254
1293495
1293736
1293977
1294218
1294459
1294700
1294941
1295182
1295423
1295664
1295905
1296146
1296387
1296628
1296869
1297110
1297351
1297592
1297833
1298074
1298315
1298556
1298797
1299038
1299279
1299520
1299761
1300002
1300243
1300484
1300725
1300966
1301207
1301448
1301689
1301930
1302171
1302412
1302653
1302894
1303135
1303376
1303617
1303858
1304099
1304340
1304581
1304822
1305063
1305304
1305545
1305786
1306027
1306268
1306509
1306750
1306991
1307232
1307473
1307714
1307955
1308196
1308437
1308678
1308919
1309160
1309401
1309642
1309883
1310124
1310365
1310606
1310847
1311088
1311329
1311570
1311811
1312052
1312293
1312534
1312775
1313016
1313257
1313498
1313739
1313980
1314221
1314462
1314703
1314944
1315185
1315426
1315667
1315908
1316149
1316390
1316631
1316872
1317113
1317354
1317595
1317836
1318077
1318318
1318559
1318800
1319041
1319282
1319523
1319764
1320005
1320246
1320487
1320728
1320969
1321210
1321451
1321692
1321933
1322174
1322415
1322656
1322897
1323138
1323379
1323620
1323861
1324102
1324343
1324584
1324825
1325066
1325307
1325548
1325789
1326030
1326271
1326512
1326753
1326994
1327235
1327476
1327717
1327958
1328199
1328440
1328681
1328922
1329163
1329404
1329645
1329886
1330127
1330368
1330609
1330850
1331091
1331332
1331573
1331814
1332055
1332296
1332537
1332778
1333019
1333260
1333501
1333742
1333983
1334224
1334465
1334706
1334947
1335188
1335429
1335670
1335911
1336152
1336393
1336634
1336875
1337116
1337357
1337598
1337839
1338080
1338321
1338562
1338803
1339044
1339285
1339526
1339767
1340008
1340249
1340490
1340731
1340972
1341213
1341454
1341695
1341936
1342177
1342418
1342659
1342900
1343141
1343382
1343623
1343864
1344105
1344346
1344587
1344828
1345069
1345310
1345551
1345792
1346033
1346274
1346515
1346756
1346997
1347238
1347479
1347720
1347961
1348202
1348443
1348684
1348925
1349166
1349407
1349648
1349889
1350130
1350371
1350612
1350853
1351094
1351335
1351576
1351817
1352058
1352299
1352540
1352781
1353022
1353263
1353504
1353745
1353986
1354227
1354468
1354709
1354950
1355191
1355432
1355673
1355914
1356155
1356396
1356637
1356878
1357119
1357360
1357601
1357842
1358083
1358324
1358565
1358806
1359047
1359288
1359529
1359770
1360011
1360252
1360493
1360734
1360975
1361216
1361457
1361698
1361939
1362180
1362421
1362662
1362903
1363144
1363385
1363626
1363867
1364108
1364349
1364590
1364831
1365072
1365313
1365554
1365795
1366036
1366277
1366518
1366759
1367000
1367241
1367482
1367723
1367964
1368205
1368446
1368687
1368928
1369169
1369410
1369651
1369892
1370133
1370374
1370615
1370856
1371097
1371338
1371579
1371820
1372061
1372302
1372543
1372784
1373025
1373266
1373507
1373748
1373989
1374230
1374471
1374712
1374953
1375194
1375435
1375676
1375917
1376158
1376399
1376640
1376881
1377122
1377363
1377604
1377845
1378086
1378327
1378568
1378809
1379050
1379291
1379532
1379773
1380014
1380255
1380496
1380737
1380978
1381219
1381460
1381701
1381942
1382183
1382424
1382665
1382906
1383147
1383388
1383629
1383870
1384111
1384352
1384593
1384834
1385075
1385316
1385557
1385798
1386039
1386280
1386521
1386762
1387003
1387244
1387485
1387726
1387967
1388208
1388449
1388690
1388931
1389172
1389413
1389654
1389895
1390136
1390377
1390618
1390859
1391100
1391341
1391582
1391823
1392064
1392305
1392546
1392787
1393028
1393269
1393510
1393751
1393992
1394233
1394474
1394715
1394956
1395197
1395438
1395679
1395920
1396161
1396402
1396643
1396884
1397125
1397366
1397607
1397848
1398089
1398330
1398571
1398812
1399053
1399294
1399535
1399776
1400017
1400258
1400499
1400740
1400981
1401222
1401463
1401704
1401945
1402186
1402427
1402668
1402909
1403150
1403391
1403632
1403873
1404114
1404355
1404596
1404837
1405078
1405319
1405560
1405801
1406042
1406283
1406524
1406765
1407006
1407247
1407488
1407729
1407970
1408211
1408452
1408693
1408934
1409175
1409416
1409657
1409898
1410139
1410380
1410621
1410862
1411103
1411344
1411585
1411826
1412067
1412308
1412549
1412790
1413031
1413272
1413513
1413754
1413995
1414236
1414477
1414718
1414959
1415200
1415441
1415682
1415923
1416164
1416405
1416646
1416887
1417128
1417369
1417610
1417851
1418092
1418333
1418574
1418815
1419056
1419297
1419538
1419779
1420020
1420261
1420502
1420743
1420984
1421225
1421466
1421707
1421948
1422189
1422430
1422671
1422912
1423153
1423394
1423635
1423876
1424117
1424358
1424599
1424840
1425081
1425322
1425563
1425804
1426045
1426286
1426527
1426768
1427009
1427250
1427491
1427732
1427973
1428214
1428455
1428696
1428937
1429178
1429419
1429660
1429901
1430142
1430383
1430624
1430865
1431106
1431347
1431588
1431829
1432070
1432311
1432552
1432793
1433034
1433275
1433516
1433757
1433998
1434239
1434480
1434721
1434962
1435203
1435444
1435685
1435926
1436167
1436408
1436649
1436890
1437131
1437372
1437613
1437854
1438095
1438336
1438577
1438818
1439059
1439300
1439541
1439782
1440023
1440264
1440505
1440746
1440987
1441228
1441469
1441710
1441951
1442192
1442433
1442674
1442915
1443156
1443397
1443638
1443879
1444120
1444361
1444602
1444843
1445084
1445325
1445566
1445807
1446048
1446289
1446530
1446771
1447012
1447253
1447494
1447735
1447976
1448217
1448458
1448699
1448940
1449181
1449422
1449663
1449904
1450145
1450386
1450627
1450868
1451109
1451350
1451591
1451832
1452073
1452314
1452555
1452796
1453037
1453278
1453519
1453760
1454001
1454242
1454483
1454724
1454965
1455206
1455447
1455688
1455929
1456170
1456411
1456652
1456893
1457134
1457375
1457616
1457857
1458098
1458339
1458580
1458821
1459062
1459303
1459544
1459785
1460026
1460267
1460508
1460749
1460990
1461231
1461472
1461713
1461954
1462195
1462436
1462677
1462918
1463159
1463400
1463641
1463882
1464123
1464364
1464605
1464846
1465087
1465328
1465569
1465810
1466051
1466292
1466533
1466774
1467015
1467256
1467497
1467738
1467979
1468220
1468461
1468702
1468943
1469184
1469425
1469666
1469907
1470148
1470389
1470630
1470871
1471112
1471353
1471594
1471835
1472076
1472317
1472558
1472799
1473040
1473281
1473522
1473763
1474004
1474245
1474486
1474727
1474968
1475209
1475450
1475691
1475932
1476173
1476414
1476655
1476896
1477137
1477378
1477619
1477860
1478101
1478342
1478583
1478824
1479065
1479306
1479547
1479788
1480029
1480270
1480511
1480752
1480993
1481234
1481475
1481716
1481957
1482198
1482439
1482680
1482921
1483162
1483403
1483644
1483885
1484126
1484367
1484608
1484849
1485090
1485331
1485572
1485813
1486054
1486295
1486536
1486777
1487018
1487259
1487500
1487741
1487982
1488223
1488464
1488705
1488946
1489187
1489428
1489669
1489910
1490151
1490392
1490633
1490874
1491115
1491356
1491597
1491838
1492079
1492320
1492561
1492802
1493043
1493284
1493525
1493766
1494007
1494248
1494489
1494730
1494971
1495212
1495453
1495694
1495935
1496176
1496417
1496658
1496899
1497140
1497381
1497622
1497863
1498104
1498345
1498586
1498827
1499068
1499309
1499550
1499791
1500032
1500273
1500514
1500755
1500996
1501237
1501478
1501719
1501960
1502201
1502442
1502683
1502924
1503165
1503406
1503647
1503888
1504129
1504370
1504611
1504852
1505093
1505334
1505575
1505816
1506057
1506298
1506539
1506780
1507021
1507262
1507503
1507744
1507985
1508226
1508467
1508708
1508949
1509190
1509431
1509672
1509913
1510154
1510395
1510636
1510877
1511118
1511359
1511600
1511841
1512082
1512323
1512564
1512805
1513046
1513287
1513528
1513769
1514010
1514251
1514492
1514733
1514974
1515215
1515456
1515697
1515938
1516179
1516420
1516661
1516902
1517143
1517384
1517625
1517866
1518107
1518348
1518589
1518830
1519071
1519312
1519553
1519794
1520035
1520276
1520517
1520758
1520999
1521240
1521481
1521722
1521963
1522204
1522445
1522686
1522927
1523168
1523409
1523650
1523891
1524132
1524373
1524614
1524855
1525096
1525337
1525578
1525819
1526060
1526301
1526542
1526783
1527024
1527265
1527506
1527747
1527988
1528229
1528470
1528711
1528952
1529193
1529434
1529675
1529916
1530157
1530398
1530639
1530880
1531121
1531362
1531603
1531844
1532085
1532326
1532567
1532808
1533049
1533290
1533531
1533772
1534013
1534254
1534495
1534736
1534977
1535218
1535459
1535700
1535941
1536182
1536423
1536664
1536905
1537146
1537387
1537628
1537869
1538110
1538351
1538592
1538833
1539074
1539315
1539556
1539797
1540038
1540279
1540520
1540761
1541002
1541243
1541484
1541725
1541966
1542207
1542448
1542689
1542930
1543171
1543412
1543653
1543894
1544135
1544376
1544617
1544858
1545099
1545340
1545581
1545822
1546063
1546304
1546545
1546786
1547027
1547268
1547509
1547750
1547991
1548232
1548473
1548714
1548955
1549196
1549437
1549678
1549919
1550160
1550401
1550642
1550883
1551124
1551365
1551606
1551847
1552088
1552329
1552570
1552811
1553052
1553293
1553534
1553775
1554016
1554257
1554498
1554739
1554980
1555221
1555462
1555703
1555944
1556185
1556426
1556667
1556908
1557149
1557390
1557631
1557872
1558113
1558354
1558595
1558836
1559077
1559318
1559559
1559800
1560041
1560282
1560523
1560764
1561005
1561246
1561487
1561728
1561969
1562210
1562451
1562692
1562933
1563174
1563415
1563656
1563897
1564138
1564379
1564620
1564861
1565102
1565343
1565584
1565825
1566066
1566307
1566548
1566789
1567030
1567271
1567512
1567753
1567994
1568235
1568476
1568717
1568958
1569199
1569440
1569681
1569922
1570163
1570404
1570645
1570886
1571127
1571368
1571609
1571850
1572091
1572332
1572573
1572814
1573055
1573296
1573537
1573778
1574019
1574260
1574501
1574742
1574983
1575224
1575465
1575706
1575947
1576188
1576429
1576670
1576911
1577152
1577393
1577634
1577875
1578116
1578357
1578598
1578839
1579080
1579321
1579562
1579803
1580044
1580285
1580526
1580767
1581008
1581249
1581490
1581731
1581972
1582213
1582454
1582695
1582936
1583177
1583418
1583659
1583900
1584141
1584382
1584623
1584864
1585105
1585346
1585587
1585828
1586069
1586310
1586551
1586792
1587033
1587274
1587515
1587756
1587997
1588238
1588479
1588720
1588961
1589202
1589443
1589684
1589925
1590166
1590407
1590648
1590889
1591130
1591371
1591612
1591853
1592094
1592335
1592576
1592817
1593058
1593299
1593540
1593781
1594022
1594263
1594504
1594745
1594986
1595227
1595468
1595709
1595950
1596191
1596432
1596673
1596914
1597155
1597396
1597637
1597878
1598119
1598360
1598601
1598842
1599083
1599324
1599565
1599806
1600047
1600288
1600529
1600770
1601011
1601252
1601493
1601734
1601975
1602216
1602457
1602698
1602939
1603180
1603421
1603662
1603903
1604144
1604385
1604626
1604867
1605108
1605349
1605590
1605831
1606072
1606313
1606554
1606795
1607036
1607277
1607518
1607759
1608000
1608241
1608482
1608723
1608964
1609205
1609446
1609687
1609928
1610169
1610410
1610651
1610892
1611133
1611374
1611615
1611856
1612097
1612338
1612579
1612820
1613061
1613302
1613543
1613784
1614025
1614266
1614507
1614748
1614989
1615230
1615471
1615712
1615953
1616194
1616435
1616676
1616917
1617158
1617399
1617640
1617881
1618122
1618363
1618604
1618845
1619086
1619327
1619568
1619809
1620050
1620291
1620532
1620773
1621014
1621255
1621496
1621737
1621978
1622219
1622460
1622701
1622942
1623183
1623424
1623665
1623906
1624147
1624388
1624629
1624870
1625111
1625352
1625593
1625834
1626075
1626316
1626557
1626798
1627039
1627280
1627521
1627762
1628003
1628244
1628485
1628726
1628967
1629208
1629449
1629690
1629931
1630172
1630413
1630654
1630895
1631136
1631377
1631618
1631859
1632100
1632341
1632582
1632823
1633064
1633305
1633546
1633787
1634028
1634269
1634510
1634751
1634992
1635233
1635474
1635715
1635956
1636197
1636438
1636679
1636920
1637161
1637402
1637643
1637884
1638125
1638366
1638607
1638848
1639089
1639330
1639571
1639812
1640053
1640294
1640535
1640776
1641017
1641258
1641499
1641740
1641981
1642222
1642463
1642704
1642945
1643186
1643427
1643668
1643909
1644150
1644391
1644632
1644873
1645114
1645355
1645596
1645837
1646078
1646319
1646560
1646801
1647042
1647283
1647524
1647765
1648006
1648247
1648488
1648729
1648970
1649211
1649452
1649693
1649934
1650175
1650416
1650657
1650898
1651139
1651380
1651621
1651862
1652103
1652344
1652585
1652826
1653067
1653308
1653549
1653790
1654031
1654272
1654513
1654754
1654995
1655236
1655477
1655718
1655959
1656200
1656441
1656682
1656923
1657164
1657405
1657646
1657887
1658128
1658369
1658610
1658851
1659092
1659333
1659574
1659815
1660056
1660297
1660538
1660779
1661020
1661261
1661502
1661743
1661984
1662225
1662466
1662707
1662948
1663189
1663430
1663671
1663912
1664153
1664394
1664635
1664876
1665117
1665358
1665599
1665840
1666081
1666322
1666563
1666804
1667045
1667286
1667527
1667768
1668009
1668250
1668491
1668732
1668973
1669214
1669455
1669696
1669937
1670178
1670419
1670660
1670901
1671142
1671383
1671624
1671865
1672106
1672347
1672588
1672829
1673070
1673311
1673552
1673793
1674034
1674275
1674516
1674757
1674998
1675239
1675480
1675721
1675962
1676203
1676444
1676685
1676926
1677167
1677408
1677649
1677890
1678131
1678372
1678613
1678854
1679095
1679336
1679577
1679818
1680059
1680300
1680541
1680782
1681023
1681264
1681505
1681746
1681987
1682228
1682469
1682710
1682951
1683192
1683433
1683674
1683915
1684156
1684397
1684638
1684879
1685120
1685361
1685602
1685843
1686084
1686325
1686566
1686807
1687048
1687289
1687530
1687771
1688012
1688253
1688494
1688735
1688976
1689217
1689458
1689699
1689940
1690181
1690422
1690663
1690904
1691145
1691386
1691627
1691868
1692109
1692350
1692591
1692832
1693073
1693314
1693555
1693796
1694037
1694278
1694519
1694760
1695001
1695242
1695483
1695724
1695965
1696206
1696447
1696688
1696929
1697170
1697411
1697652
1697893
1698134
1698375
1698616
1698857
1699098
1699339
1699580
1699821
1700062
1700303
1700544
1700785
1701026
1701267
1701508
1701749
1701990
1702231
1702472
1702713
1702954
1703195
1703436
1703677
1703918
1704159
1704400
1704641
1704882
1705123
1705364
1705605
1705846
1706087
1706328
1706569
1706810
1707051
1707292
1707533
1707774
1708015
1708256
1708497
1708738
1708979
1709220
1709461
1709702
1709943
1710184
1710425
1710666
1710907
1711148
1711389
1711630
1711871
1712112
1712353
1712594
1712835
1713076
1713317
1713558
1713799
1714040
1714281
1714522
1714763
1715004
1715245
1715486
1715727
1715968
1716209
1716450
1716691
1716932
1717173
1717414
1717655
1717896
1718137
1718378
1718619
1718860
1719101
1719342
1719583
1719824
1720065
1720306
1720547
1720788
1721029
1721270
1721511
1721752
1721993
1722234
1722475
1722716
1722957
1723198
1723439
1723680
1723921
1724162
1724403
1724644
1724885
1725126
1725367
1725608
1725849
1726090
1726331
1726572
1726813
1727054
1727295
1727536
1727777
1728018
1728259
1728500
1728741
1728982
1729223
1729464
1729705
1729946
1730187
1730428
1730669
1730910
1731151
1731392
1731633
1731874
1732115
1732356
1732597
1732838
1733079
1733320
1733561
1733802
1734043
1734284
1734525
1734766
1735007
1735248
1735489
1735730
1735971
1736212
1736453
1736694
1736935
1737176
1737417
1737658
1737899
1738140
1738381
1738622
1738863
1739104
1739345
1739586
1739827
1740068
1740309
1740550
1740791
1741032
1741273
1741514
1741755
1741996
1742237
1742478
1742719
1742960
1743201
1743442
1743683
1743924
1744165
1744406
1744647
1744888
1745129
1745370
1745611
1745852
1746093
1746334
1746575
1746816
1747057
1747298
1747539
1747780
1748021
1748262
1748503
1748744
1748985
1749226
1749467
1749708
1749949
1750190
1750431
1750672
1750913
1751154
1751395
1751636
1751877
1752118
1752359
1752600
1752841
1753082
1753323
1753564
1753805
1754046
1754287
1754528
1754769
1755010
1755251
1755492
1755733
1755974
1756215
1756456
1756697
1756938
1757179
1757420
1757661
1757902
1758143
1758384
1758625
1758866
1759107
1759348
1759589
1759830
1760071
1760312
1760553
1760794
1761035
1761276
1761517
1761758
1761999
1762240
1762481
1762722
1762963
1763204
1763445
1763686
1763927
1764168
1764409
1764650
1764891
1765132
1765373
1765614
1765855
1766096
1766337
1766578
1766819
1767060
1767301
1767542
1767783
1768024
1768265
1768506
1768747
1768988
1769229
1769470
1769711
1769952
1770193
1770434
1770675
1770916
1771157
1771398
1771639
1771880
1772121
1772362
1772603
1772844
1773085
1773326
1773567
1773808
1774049
1774290
1774531
1774772
1775013
1775254
1775495
1775736
1775977
1776218
1776459
1776700
1776941
1777182
1777423
1777664
1777905
1778146
1778387
1778628
1778869
1779110
1779351
1779592
1779833
1780074
1780315
1780556
1780797
1781038
1781279
1781520
1781761
1782002
1782243
1782484
1782725
1782966
1783207
1783448
1783689
1783930
1784171
1784412
1784653
1784894
1785135
1785376
1785617
1785858
1786099
1786340
1786581
1786822
1787063
1787304
1787545
1787786
1788027
1788268
1788509
1788750
1788991
1789232
1789473
1789714
1789955
1790196
1790437
1790678
1790919
1791160
1791401
1791642
1791883
1792124
1792365
1792606
1792847
1793088
1793329
1793570
1793811
1794052
1794293
1794534
1794775
1795016
1795257
1795498
1795739
1795980
1796221
1796462
1796703
1796944
1797185
1797426
1797667
1797908
1798149
1798390
1798631
1798872
1799113
1799354
1799595
1799836
1800077
1800318
1800559
1800800
1801041
1801282
1801523
1801764
1802005
1802246
1802487
1802728
1802969
1803210
1803451
1803692
1803933
1804174
1804415
1804656
1804897
1805138
1805379
1805620
1805861
1806102
1806343
1806584
1806825
1807066
1807307
1807548
1807789
1808030
1808271
1808512
1808753
1808994
1809235
1809476
1809717
1809958
1810199
1810440
1810681
1810922
1811163
1811404
1811645
1811886
1812127
1812368
1812609
1812850
1813091
1813332
1813573
1813814
1814055
1814296
1814537
1814778
1815019
1815260
1815501
1815742
1815983
1816224
1816465
1816706
1816947
1817188
1817429
1817670
1817911
1818152
1818393
1818634
1818875
1819116
1819357
1819598
1819839
1820080
1820321
1820562
1820803
1821044
1821285
1821526
1821767
1822008
1822249
1822490
1822731
1822972
1823213
1823454
1823695
1823936
1824177
1824418
1824659
1824900
1825141
1825382
1825623
1825864
1826105
1826346
1826587
1826828
1827069
1827310
1827551
1827792
1828033
1828274
1828515
1828756
1828997
1829238
1829479
1829720
1829961
1830202
1830443
1830684
1830925
1831166
1831407
1831648
1831889
1832130
1832371
1832612
1832853
1833094
1833335
1833576
1833817
1834058
1834299
1834540
1834781
1835022
1835263
1835504
1835745
1835986
1836227
1836468
1836709
1836950
1837191
1837432
1837673
1837914
1838155
1838396
1838637
1838878
1839119
1839360
1839601
1839842
1840083
1840324
1840565
1840806
1841047
1841288
1841529
1841770
1842011
1842252
1842493
1842734
1842975
1843216
1843457
1843698
1843939
1844180
1844421
1844662
1844903
1845144
1845385
1845626
1845867
1846108
1846349
1846590
1846831
1847072
1847313
1847554
1847795
1848036
1848277
1848518
1848759
1849000
1849241
1849482
1849723
1849964
1850205
1850446
1850687
1850928
1851169
1851410
1851651
1851892
1852133
1852374
1852615
1852856
1853097
1853338
1853579
1853820
1854061
1854302
1854543
1854784
1855025
1855266
1855507
1855748
1855989
1856230
1856471
1856712
1856953
1857194
1857435
1857676
1857917
1858158
1858399
1858640
1858881
1859122
1859363
1859604
1859845
1860086
1860327
1860568
1860809
1861050
1861291
1861532
1861773
1862014
1862255
1862496
1862737
1862978
1863219
1863460
1863701
1863942
1864183
1864424
1864665
1864906
1865147
1865388
1865629
1865870
1866111
1866352
1866593
1866834
1867075
1867316
1867557
1867798
1868039
1868280
1868521
1868762
1869003
1869244
1869485
1869726
1869967
1870208
1870449
1870690
1870931
1871172
1871413
1871654
1871895
1872136
1872377
1872618
1872859
1873100
1873341
1873582
1873823
1874064
1874305
1874546
1874787
1875028
1875269
1875510
1875751
1875992
1876233
1876474
1876715
1876956
1877197
1877438
1877679
1877920
1878161
1878402
1878643
1878884
1879125
1879366
1879607
1879848
1880089
1880330
1880571
1880812
1881053
1881294
1881535
1881776
1882017
1882258
1882499
1882740
1882981
1883222
1883463
1883704
1883945
1884186
1884427
1884668
1884909
1885150
1885391
1885632
1885873
1886114
1886355
1886596
1886837
1887078
1887319
1887560
1887801
1888042
1888283
1888524
1888765
1889006
1889247
1889488
1889729
1889970
1890211
1890452
1890693
1890934
1891175
1891416
1891657
1891898
1892139
1892380
1892621
1892862
1893103
1893344
1893585
1893826
1894067
1894308
1894549
1894790
1895031
1895272
1895513
1895754
1895995
1896236
1896477
1896718
1896959
1897200
1897441
1897682
1897923
1898164
1898405
1898646
1898887
1899128
1899369
1899610
1899851
1900092
1900333
1900574
1900815
1901056
1901297
1901538
1901779
1902020
1902261
1902502
1902743
1902984
1903225
1903466
1903707
1903948
1904189
1904430
1904671
1904912
1905153
1905394
1905635
1905876
1906117
1906358
1906599
1906840
1907081
1907322
1907563
1907804
1908045
1908286
1908527
1908768
1909009
1909250
1909491
1909732
1909973
1910214
1910455
1910696
1910937
1911178
1911419
1911660
1911901
1912142
1912383
1912624
1912865
1913106
1913347
1913588
1913829
1914070
1914311
1914552
1914793
1915034
1915275
1915516
1915757
1915998
1916239
1916480
1916721
1916962
1917203
1917444
1917685
1917926
1918167
1918408
1918649
1918890
1919131
1919372
1919613
1919854
1920095
1920336
1920577
1920818
1921059
1921300
1921541
1921782
1922023
1922264
1922505
1922746
1922987
1923228
1923469
1923710
1923951
1924192
1924433
1924674
1924915
1925156
1925397
1925638
1925879
1926120
1926361
1926602
1926843
1927084
1927325
1927566
1927807
1928048
1928289
1928530
1928771
1929012
1929253
1929494
1929735
1929976
1930217
1930458
1930699
1930940
1931181
1931422
1931663
1931904
1932145
1932386
1932627
1932868
1933109
1933350
1933591
1933832
1934073
1934314
1934555
1934796
1935037
1935278
1935519
1935760
1936001
1936242
1936483
1936724
1936965
1937206
1937447
1937688
1937929
1938170
1938411
1938652
1938893
1939134
1939375
1939616
1939857
1940098
1940339
1940580
1940821
1941062
1941303
1941544
1941785
1942026
1942267
1942508
1942749
1942990
1943231
1943472
1943713
1943954
1944195
1944436
1944677
1944918
1945159
1945400
1945641
1945882
1946123
1946364
1946605
1946846
1947087
1947328
1947569
1947810
1948051
1948292
1948533
1948774
1949015
1949256
1949497
1949738
1949979
1950220
1950461
1950702
1950943
1951184
1951425
1951666
1951907
1952148
1952389
1952630
1952871
1953112
1953353
1953594
1953835
1954076
1954317
1954558
1954799
1955040
1955281
1955522
1955763
1956004
1956245
1956486
1956727
1956968
1957209
1957450
1957691
1957932
1958173
1958414
1958655
1958896
1959137
1959378
1959619
1959860
1960101
1960342
1960583
1960824
1961065
1961306
1961547
1961788
1962029
1962270
1962511
1962752
1962993
1963234
1963475
1963716
1963957
1964198
1964439
1964680
1964921
1965162
1965403
1965644
1965885
1966126
1966367
1966608
1966849
1967090
1967331
1967572
1967813
1968054
1968295
1968536
1968777
1969018
1969259
1969500
1969741
1969982
1970223
1970464
1970705
1970946
1971187
1971428
1971669
1971910
1972151
1972392
1972633
1972874
1973115
1973356
1973597
1973838
1974079
1974320
1974561
1974802
1975043
1975284
1975525
1975766
1976007
1976248
1976489
1976730
1976971
1977212
1977453
1977694
1977935
1978176
1978417
1978658
1978899
1979140
1979381
1979622
1979863
1980104
1980345
1980586
1980827
1981068
1981309
1981550
1981791
1982032
1982273
1982514
1982755
1982996
1983237
1983478
1983719
1983960
1984201
1984442
1984683
1984924
1985165
1985406
1985647
1985888
1986129
1986370
1986611
1986852
1987093
1987334
1987575
1987816
1988057
1988298
1988539
1988780
1989021
1989262
1989503
1989744
1989985
1990226
1990467
1990708
1990949
1991190
1991431
1991672
1991913
1992154
1992395
1992636
1992877
1993118
1993359
1993600
1993841
1994082
1994323
1994564
1994805
1995046
1995287
1995528
1995769
1996010
1996251
1996492
1996733
1996974
1997215
1997456
1997697
1997938
1998179
1998420
1998661
1998902
1999143
1999384
1999625
1999866
2000107
2000348
2000589
2000830
2001071
2001312
2001553
2001794
2002035
2002276
2002517
2002758
2002999
2003240
2003481
2003722
2003963
2004204
2004445
2004686
2004927
2005168
2005409
2005650
2005891
2006132
2006373
2006614
2006855
2007096
2007337
2007578
2007819
2008060
2008301
2008542
2008783
2009024
2009265
2009506
2009747
2009988
2010229
2010470
2010711
2010952
2011193
2011434
2011675
2011916
2012157
2012398
2012639
2012880
2013121
2013362
2013603
2013844
2014085
2014326
2014567
2014808
2015049
2015290
2015531
2015772
2016013
2016254
2016495
2016736
2016977
2017218
2017459
2017700
2017941
2018182
2018423
2018664
2018905
2019146
2019387
2019628
2019869
2020110
2020351
2020592
2020833
2021074
2021315
2021556
2021797
2022038
2022279
2022520
2022761
2023002
2023243
2023484
2023725
2023966
2024207
2024448
2024689
2024930
2025171
2025412
2025653
2025894
2026135
2026376
2026617
2026858
2027099
2027340
2027581
2027822
2028063
2028304
2028545
2028786
2029027
2029268
2029509
2029750
2029991
2030232
2030473
2030714
2030955
2031196
2031437
2031678
2031919
2032160
2032401
2032642
2032883
2033124
2033365
2033606
2033847
2034088
2034329
2034570
2034811
2035052
2035293
2035534
2035775
2036016
2036257
2036498
2036739
2036980
2037221
2037462
2037703
2037944
2038185
2038426
2038667
2038908
2039149
2039390
2039631
2039872
2040113
2040354
2040595
2040836
2041077
2041318
2041559
2041800
2042041
2042282
2042523
2042764
2043005
2043246
2043487
2043728
2043969
2044210
2044451
2044692
2044933
2045174
2045415
2045656
2045897
2046138
2046379
2046620
2046861
2047102
2047343
2047584
2047825
2048066
2048307
2048548
2048789
2049030
2049271
2049512
2049753
2049994
2050235
2050476
2050717
2050958
2051199
2051440
2051681
2051922
2052163
2052404
2052645
2052886
2053127
2053368
2053609
2053850
2054091
2054332
2054573
2054814
2055055
2055296
2055537
2055778
2056019
2056260
2056501
2056742
2056983
2057224
2057465
2057706
2057947
2058188
2058429
2058670
2058911
2059152
2059393
2059634
2059875
2060116
2060357
2060598
2060839
2061080
2061321
2061562
2061803
2062044
2062285
2062526
2062767
2063008
2063249
2063490
2063731
2063972
2064213
2064454
2064695
2064936
2065177
2065418
2065659
2065900
2066141
2066382
2066623
2066864
2067105
2067346
2067587
2067828
2068069
2068310
2068551
2068792
2069033
2069274
2069515
2069756
2069997
2070238
2070479
2070720
2070961
2071202
2071443
2071684
2071925
2072166
2072407
2072648
2072889
2073130
2073371
2073612
2073853
2074094
2074335
2074576
2074817
2075058
2075299
2075540
2075781
2076022
2076263
2076504
2076745
2076986
2077227
2077468
2077709
2077950
2078191
2078432
2078673
2078914
2079155
2079396
2079637
2079878
2080119
2080360
2080601
2080842
2081083
2081324
2081565
2081806
2082047
2082288
2082529
2082770
2083011
2083252
2083493
2083734
2083975
2084216
2084457
2084698
2084939
2085180
2085421
2085662
2085903
2086144
2086385
2086626
2086867
2087108
2087349
2087590
2087831
2088072
2088313
2088554
2088795
2089036
2089277
2089518
2089759
2090000
2090241
2090482
2090723
2090964
2091205
2091446
2091687
2091928
2092169
2092410
2092651
2092892
2093133
2093374
2093615
2093856
2094097
2094338
2094579
2094820
2095061
2095302
2095543
2095784
2096025
2096266
2096507
2096748
2096989
2097230
2097471
2097712
2097953
2098194
2098435
2098676
2098917
2099158
2099399
2099640
2099881
2100122
2100363
2100604
2100845
2101086
2101327
2101568
2101809
2102050
2102291
2102532
2102773
2103014
2103255
2103496
2103737
2103978
2104219
2104460
2104701
2104942
2105183
2105424
2105665
2105906
2106147
2106388
2106629
2106870
2107111
2107352
2107593
2107834
2108075
2108316
2108557
2108798
2109039
2109280
2109521
2109762
2110003
2110244
2110485
2110726
2110967
2111208
2111449
2111690
2111931
2112172
2112413
2112654
2112895
2113136
2113377
2113618
2113859
2114100
2114341
2114582
2114823
2115064
2115305
2115546
2115787
2116028
2116269
2116510
2116751
2116992
2117233
2117474
2117715
2117956
2118197
2118438
2118679
2118920
2119161
2119402
2119643
2119884
2120125
2120366
2120607
2120848
2121089
2121330
2121571
2121812
2122053
2122294
2122535
2122776
2123017
2123258
2123499
2123740
2123981
2124222
2124463
2124704
2124945
2125186
2125427
2125668
2125909
2126150
2126391
2126632
2126873
2127114
2127355
2127596
2127837
2128078
2128319
2128560
2128801
2129042
2129283
2129524
2129765
2130006
2130247
2130488
2130729
2130970
2131211
2131452
2131693
2131934
2132175
2132416
2132657
2132898
2133139
2133380
2133621
2133862
2134103
2134344
2134585
2134826
2135067
2135308
2135549
2135790
2136031
2136272
2136513
2136754
2136995
2137236
2137477
2137718
2137959
2138200
2138441
2138682
2138923
2139164
2139405
2139646
2139887
2140128
2140369
2140610
2140851
2141092
2141333
2141574
2141815
2142056
2142297
2142538
2142779
2143020
2143261
2143502
2143743
2143984
2144225
2144466
2144707
2144948
2145189
2145430
2145671
2145912
2146153
2146394
2146635
2146876
2147117
2147358
2147599
2147840
2148081
2148322
2148563
2148804
2149045
2149286
2149527
2149768
2150009
2150250
2150491
2150732
2150973
2151214
2151455
2151696
2151937
2152178
2152419
2152660
2152901
2153142
2153383
2153624
2153865
2154106
2154347
2154588
2154829
2155070
2155311
2155552
2155793
2156034
2156275
2156516
2156757
2156998
2157239
2157480
2157721
2157962
2158203
2158444
2158685
2158926
2159167
2159408
2159649
2159890
2160131
2160372
2160613
2160854
2161095
2161336
2161577
2161818
2162059
2162300
2162541
2162782
2163023
2163264
2163505
2163746
2163987
2164228
2164469
2164710
2164951
2165192
2165433
2165674
2165915
2166156
2166397
2166638
2166879
2167120
2167361
2167602
2167843
2168084
2168325
2168566
2168807
2169048
2169289
2169530
2169771
2170012
2170253
2170494
2170735
2170976
2171217
2171458
2171699
2171940
2172181
2172422
2172663
2172904
2173145
2173386
2173627
2173868
2174109
2174350
2174591
2174832
2175073
2175314
2175555
2175796
2176037
2176278
2176519
2176760
2177001
2177242
2177483
2177724
2177965
2178206
2178447
2178688
2178929
2179170
2179411
2179652
2179893
2180134
2180375
2180616
2180857
2181098
2181339
2181580
2181821
2182062
2182303
2182544
2182785
2183026
2183267
2183508
2183749
2183990
2184231
2184472
2184713
2184954
2185195
2185436
2185677
2185918
2186159
2186400
2186641
2186882
2187123
2187364
2187605
2187846
2188087
2188328
2188569
2188810
2189051
2189292
2189533
2189774
2190015
2190256
2190497
2190738
2190979
2191220
2191461
2191702
2191943
2192184
2192425
2192666
2192907
2193148
2193389
2193630
2193871
2194112
2194353
2194594
2194835
2195076
2195317
2195558
2195799
2196040
2196281
2196522
2196763
2197004
2197245
2197486
2197727
2197968
2198209
2198450
2198691
2198932
2199173
2199414
2199655
2199896
2200137
2200378
2200619
2200860
2201101
2201342
2201583
2201824
2202065
2202306
2202547
2202788
2203029
2203270
2203511
2203752
2203993
2204234
2204475
2204716
2204957
2205198
2205439
2205680
2205921
2206162
2206403
2206644
2206885
2207126
2207367
2207608
2207849
2208090
2208331
2208572
2208813
2209054
2209295
2209536
2209777
2210018
2210259
2210500
2210741
2210982
2211223
2211464
2211705
2211946
2212187
2212428
2212669
2212910
2213151
2213392
2213633
2213874
2214115
2214356
2214597
2214838
2215079
2215320
2215561
2215802
2216043
2216284
2216525
2216766
2217007
2217248
2217489
2217730
2217971
2218212
2218453
2218694
2218935
2219176
2219417
2219658
2219899
2220140
2220381
2220622
2220863
2221104
2221345
2221586
2221827
2222068
2222309
2222550
2222791
2223032
2223273
2223514
2223755
2223996
2224237
2224478
2224719
2224960
2225201
2225442
2225683
2225924
2226165
2226406
2226647
2226888
2227129
2227370
2227611
2227852
2228093
2228334
2228575
2228816
2229057
2229298
2229539
2229780
2230021
2230262
2230503
2230744
2230985
2231226
2231467
2231708
2231949
2232190
2232431
2232672
2232913
2233154
2233395
2233636
2233877
2234118
2234359
2234600
2234841
2235082
2235323
2235564
2235805
2236046
2236287
2236528
2236769
2237010
2237251
2237492
2237733
2237974
2238215
2238456
2238697
2238938
2239179
2239420
2239661
2239902
2240143
2240384
2240625
2240866
2241107
2241348
2241589
2241830
2242071
2242312
2242553
2242794
2243035
2243276
2243517
2243758
2243999
2244240
2244481
2244722
2244963
2245204
2245445
2245686
2245927
2246168
2246409
2246650
2246891
2247132
2247373
2247614
2247855
2248096
2248337
2248578
2248819
2249060
2249301
2249542
2249783
2250024
2250265
2250506
2250747
2250988
2251229
2251470
2251711
2251952
2252193
2252434
2252675
2252916
2253157
2253398
2253639
2253880
2254121
2254362
2254603
2254844
2255085
2255326
2255567
2255808
2256049
2256290
2256531
2256772
2257013
2257254
2257495
2257736
2257977
2258218
2258459
2258700
2258941
2259182
2259423
2259664
2259905
2260146
2260387
2260628
2260869
2261110
2261351
2261592
2261833
2262074
2262315
2262556
2262797
2263038
2263279
2263520
2263761
2264002
2264243
2264484
2264725
2264966
2265207
2265448
2265689
2265930
2266171
2266412
2266653
2266894
2267135
2267376
2267617
2267858
2268099
2268340
2268581
2268822
2269063
2269304
2269545
2269786
2270027
2270268
2270509
2270750
2270991
2271232
2271473
2271714
2271955
2272196
2272437
2272678
2272919
2273160
2273401
2273642
2273883
2274124
2274365
2274606
2274847
2275088
2275329
2275570
2275811
2276052
2276293
2276534
2276775
2277016
2277257
2277498
2277739
2277980
2278221
2278462
2278703
2278944
2279185
2279426
2279667
2279908
2280149
2280390
2280631
2280872
2281113
2281354
2281595
2281836
2282077
2282318
2282559
2282800
2283041
2283282
2283523
2283764
2284005
2284246
2284487
2284728
2284969
2285210
2285451
2285692
2285933
2286174
2286415
2286656
2286897
2287138
2287379
2287620
2287861
2288102
2288343
2288584
2288825
2289066
2289307
2289548
2289789
2290030
2290271
2290512
2290753
2290994
2291235
2291476
2291717
2291958
2292199
2292440
2292681
2292922
2293163
2293404
2293645
2293886
2294127
2294368
2294609
2294850
2295091
2295332
2295573
2295814
2296055
2296296
2296537
2296778
2297019
2297260
2297501
2297742
2297983
2298224
2298465
2298706
2298947
2299188
2299429
2299670
2299911
2300152
2300393
2300634
2300875
2301116
2301357
2301598
2301839
2302080
2302321
2302562
2302803
2303044
2303285
2303526
2303767
2304008
2304249
2304490
2304731
2304972
2305213
2305454
2305695
2305936
2306177
2306418
2306659
2306900
2307141
2307382
2307623
2307864
2308105
2308346
2308587
2308828
2309069
2309310
2309551
2309792
2310033
2310274
2310515
2310756
2310997
2311238
2311479
2311720
2311961
2312202
2312443
2312684
2312925
2313166
2313407
2313648
2313889
2314130
2314371
2314612
2314853
2315094
2315335
2315576
2315817
2316058
2316299
2316540
2316781
2317022
2317263
2317504
2317745
2317986
2318227
2318468
2318709
2318950
2319191
2319432
2319673
2319914
2320155
2320396
2320637
2320878
2321119
2321360
2321601
2321842
2322083
2322324
2322565
2322806
2323047
2323288
2323529
2323770
2324011
2324252
2324493
2324734
2324975
2325216
2325457
2325698
2325939
2326180
2326421
2326662
2326903
2327144
2327385
2327626
2327867
2328108
2328349
2328590
2328831
2329072
2329313
2329554
2329795
2330036
2330277
2330518
2330759
2331000
2331241
2331482
2331723
2331964
2332205
2332446
2332687
2332928
2333169
2333410
2333651
2333892
2334133
2334374
2334615
2334856
2335097
2335338
2335579
2335820
2336061
2336302
2336543
2336784
2337025
2337266
2337507
2337748
2337989
2338230
2338471
2338712
2338953
2339194
2339435
2339676
2339917
2340158
2340399
2340640
2340881
2341122
2341363
2341604
2341845
2342086
2342327
2342568
2342809
2343050
2343291
2343532
2343773
2344014
2344255
2344496
2344737
2344978
2345219
2345460
2345701
2345942
2346183
2346424
2346665
2346906
2347147
2347388
2347629
2347870
2348111
2348352
2348593
2348834
2349075
2349316
2349557
2349798
2350039
2350280
2350521
2350762
2351003
2351244
2351485
2351726
2351967
2352208
2352449
2352690
2352931
2353172
2353413
2353654
2353895
2354136
2354377
2354618
2354859
2355100
2355341
2355582
2355823
2356064
2356305
2356546
2356787
2357028
2357269
2357510
2357751
2357992
2358233
2358474
2358715
2358956
2359197
2359438
2359679
2359920
2360161
2360402
2360643
2360884
2361125
2361366
2361607
2361848
2362089
2362330
2362571
2362812
2363053
2363294
2363535
2363776
2364017
2364258
2364499
2364740
2364981
2365222
2365463
2365704
2365945
2366186
2366427
2366668
2366909
2367150
2367391
2367632
2367873
2368114
2368355
2368596
2368837
2369078
2369319
2369560
2369801
2370042
2370283
2370524
2370765
2371006
2371247
2371488
2371729
2371970
2372211
2372452
2372693
2372934
2373175
2373416
2373657
2373898
2374139
2374380
2374621
2374862
2375103
2375344
2375585
2375826
2376067
2376308
2376549
2376790
2377031
2377272
2377513
2377754
2377995
2378236
2378477
2378718
2378959
2379200
2379441
2379682
2379923
2380164
2380405
2380646
2380887
2381128
2381369
2381610
2381851
2382092
2382333
2382574
2382815
2383056
2383297
2383538
2383779
2384020
2384261
2384502
2384743
2384984
2385225
2385466
2385707
2385948
2386189
2386430
2386671
2386912
2387153
2387394
2387635
2387876
2388117
2388358
2388599
2388840
2389081
2389322
2389563
2389804
2390045
2390286
2390527
2390768
2391009
2391250
2391491
2391732
2391973
2392214
2392455
2392696
2392937
2393178
2393419
2393660
2393901
2394142
2394383
2394624
2394865
2395106
2395347
2395588
2395829
2396070
2396311
2396552
2396793
2397034
2397275
2397516
2397757
2397998
2398239
2398480
2398721
2398962
2399203
2399444
2399685
2399926
2400167
2400408
2400649
2400890
2401131
2401372
2401613
2401854
2402095
2402336
2402577
2402818
2403059
2403300
2403541
2403782
2404023
2404264
2404505
2404746
2404987
2405228
2405469
2405710
2405951
2406192
2406433
2406674
2406915
2407156
2407397
2407638
2407879
2408120
2408361
2408602
2408843
2409084
2409325
2409566
2409807
2410048
2410289
2410530
2410771
2411012
2411253
2411494
2411735
2411976
2412217
2412458
2412699
2412940
2413181
2413422
2413663
2413904
2414145
2414386
2414627
2414868
2415109
2415350
2415591
2415832
2416073
2416314
2416555
2416796
2417037
2417278
2417519
2417760
2418001
2418242
2418483
2418724
2418965
2419206
2419447
2419688
2419929
2420170
2420411
2420652
2420893
2421134
2421375
2421616
2421857
2422098
2422339
2422580
2422821
2423062
2423303
2423544
2423785
2424026
2424267
2424508
2424749
2424990
2425231
2425472
2425713
2425954
2426195
2426436
2426677
2426918
2427159
2427400
2427641
2427882
2428123
2428364
2428605
2428846
2429087
2429328
2429569
2429810
2430051
2430292
2430533
2430774
2431015
2431256
2431497
2431738
2431979
2432220
2432461
2432702
2432943
2433184
2433425
2433666
2433907
2434148
2434389
2434630
2434871
2435112
2435353
2435594
2435835
2436076
2436317
2436558
2436799
2437040
2437281
2437522
2437763
2438004
2438245
2438486
2438727
2438968
2439209
2439450
2439691
2439932
2440173
2440414
2440655
2440896
2441137
2441378
2441619
2441860
2442101
2442342
2442583
2442824
2443065
2443306
2443547
2443788
2444029
2444270
2444511
2444752
2444993
2445234
2445475
2445716
2445957
2446198
2446439
2446680
2446921
2447162
2447403
2447644
2447885
2448126
2448367
2448608
2448673
2448738
2448800
2448865
2448930
2448995
2449236
2449477
2449718
2449959
2450200
2450441
2450682
2450923
2451164
2451405
2451647
2451889
2452131
2452373
2452429
2452511
2452595
2452693
2452736
2452769
2452842
2452928
2453151
2453203
2453295
2453356
2453420
2453464
2453504
2453892
2453958
2454101
2454219
2454243
2454343
2454378
2454411
2454452
2454501
2454536
2454577
2454618
2454651
2454684
2454727
2454770
2454811
2454852
2454893
2454937
2454978
2455021
2455064
2455105
2455146
2455199
2455242
2455283
2455317
2455352
2455397
2455440
2455490
2455523
2455603
2455715
2455827
2455971
2456063
2456149
2456271
2456310
2456389
2456474
2456715
2456791
2456955
2457029
2457194
2457295
2457374
2457461
2457602
2457723
2457828
2457911
2457994
2458066
2458499
2458548
2458589
2458646
2458728
2458821
2458931
2459004
2459127
2459189
2459271
2459428
2459485
2459564
2459672
2460047
2460113
2460245
2460376
2460515
2460586
2460652
2460720
2460788
2460868
2460934
2461007
2461080
2461153
2461227
2461324
2461439
2461505
2461568
2461705
2461766
2461836
2462000
2462270
2462339
2462559
2462717
2462801
2462907
2462998
2463125
2463260
2463325
2463382
2463497
2463568
2463685
2463747
2463814
2463889
2463961
2464134
2464250
2464318
2464383
2464453
2464530
2464598
2464674
2464751
2464822
2464940
2465012
2465116
2465191
2465365
2465438
2465532
2465587
2465663
2465738
2465864
2465929
2466086
2466162
2466229
2466297
2466362
2466540
2466624
2466746
2466819
2466988
2467146
2467294
2467365
2467432
2467684
2467821
2467912
2467975
2468038
2468115
2468184
2468297
2468519
2468593
2468664
2468742
2468835
2468947
2469029
2469101
2469253
2469330
2469469
2469546
2469668
2469742
2469815
2469894
2469983
2470050
2470126
2470233
2470358
2470438
2470521
2470595
2470664
2470755
2470855
2470932
2471007
2471092
2471167
2471252
2471396
2471510
2471592
2471671
2471756
2471827
2471900
2471993
2472152
2472243
2472316
2472456
2472538
2472614
2472718
2472843
2472920
2472996
2473088
2473218
2473290
2473428
2473645
2473741
2473827
2473881
2473934
2474003
2474105
2474182
2474231
2474329
2474483
2474547
2474613
2474707
2475002
2475096
2475197
2475289
2475401
2475496
2475657
2475830
2476019
2476090
2476169
2476324
2476410
2476523
2476598
2476765
2476878
2477034
2477173
2477252
2477331
2477446
2477541
2477636
2477733
2477837
2477939
2478018
2478169
2478259
2478385
2478453
2478553
2478628
2478698
2478771
2478847
2478945
2479007
2479092
2479171
2479245
2479337
2479417
2479498
2479588
2479686
2479775
2479852
2479969
2480079
2480151
2480296
2480391
2480473
2480675
2480803
2480961
2480989
2481017
2481045
2481231
2481389
